80
75
3
4
20
0
0
0
8
0
193
185
44
80
236
222
67
28
121
11
0
0
132
42
0
0
7
0
0
0
100
111
99
46
99
104
109
237
153
121
60
148
235
30
192
159
177
148
173
19
146
229
148
181
41
91
140
145
12
33
203
76
152
172
53
99
223
26
140
117
204
96
6
89
34
133
80
118
34
135
10
217
203
181
20
10
37
75
165
40
89
139
74
82
42
84
14
89
51
185
239
20
247
156
211
61
247
158
123
255
184
159
207
253
99
190
239
231
249
252
158
223
250
252
102
254
122
223
223
131
197
227
244
89
1
0
71
160
5
131
214
47
170
35
75
156
28
0
240
210
97
97
101
161
221
124
231
121
192
197
14
169
241
41
190
31
116
70
60
3
225
53
121
116
77
226
121
191
203
206
53
249
21
246
93
70
201
129
63
128
197
227
204
25
46
60
180
184
24
6
40
158
5
124
239
97
21
98
61
142
177
103
216
56
217
0
240
74
101
113
80
148
236
230
203
93
250
222
3
126
205
191
142
185
137
129
177
230
166
223
242
190
229
34
32
133
3
177
3
139
177
54
196
28
134
229
144
46
126
211
240
122
80
3
140
178
136
29
56
252
97
172
169
1
14
214
36
162
0
121
112
54
56
252
1
19
16
185
33
143
5
210
240
102
230
88
52
14
214
72
226
133
20
139
195
198
80
44
172
137
131
239
187
130
215
51
134
53
134
241
112
35
224
250
88
55
154
167
9
193
147
12
99
84
132
155
233
29
196
154
226
240
176
83
135
50
182
109
69
192
173
172
116
169
84
138
139
39
129
230
25
72
52
246
36
123
83
25
61
137
254
169
195
220
159
226
75
244
167
5
195
78
153
176
241
49
34
140
136
193
65
20
127
215
127
164
137
252
147
241
183
20
44
27
7
194
149
226
162
232
225
225
2
3
39
124
215
20
154
15
236
132
111
148
141
192
190
125
24
2
141
128
243
37
184
16
17
166
4
31
232
64
42
13
0
77
153
223
219
113
52
138
63
193
157
136
48
193
161
41
62
190
254
68
42
149
232
138
64
83
200
52
34
153
6
242
57
82
192
238
255
40
218
159
66
98
68
1
175
237
178
127
25
15
185
200
88
178
27
5
56
115
32
254
50
24
239
79
32
83
221
40
254
62
136
111
221
107
238
114
250
47
82
66
81
250
104
101
53
117
21
37
5
117
204
30
164
2
18
137
129
118
122
202
40
5
37
37
93
37
180
58
242
128
58
26
133
62
134
192
146
169
52
2
217
133
200
168
203
248
199
61
255
199
71
28
38
82
137
52
60
193
153
68
4
53
28
74
128
9
19
38
76
152
48
97
194
132
9
19
38
76
152
252
11
46
195
190
128
227
64
3
8
1
49
192
2
120
128
5
32
3
23
64
1
62
192
23
248
3
34
160
66
15
17
184
66
145
60
192
4
224
0
250
79
125
161
0
5
244
33
159
50
80
3
234
64
5
40
1
5
72
98
192
30
128
132
118
72
232
193
64
182
59
98
223
207
220
0
45
99
91
107
52
99
98
177
190
214
6
29
128
49
77
225
2
108
64
189
100
155
35
39
16
4
134
134
186
18
150
68
127
170
39
133
44
161
162
136
82
81
84
67
41
41
67
126
56
96
204
89
126
228
80
246
139
165
220
142
254
245
98
80
101
14
176
246
25
15
157
202
198
216
67
214
53
155
135
11
244
155
216
190
197
109
2
128
23
191
3
103
178
83
92
226
91
39
235
5
126
156
165
252
59
192
239
242
152
48
97
194
132
9
19
38
76
152
48
97
194
132
9
19
38
255
159
108
94
155
5
112
72
176
3
63
1
208
204
10
84
144
192
13
250
238
119
186
174
81
110
88
74
194
74
221
82
200
216
155
226
227
83
139
139
89
226
175
174
246
24
43
121
38
103
210
64
245
170
105
24
126
102
146
122
71
107
152
18
34
236
104
68
177
149
136
171
205
55
60
56
98
150
222
232
88
39
19
210
203
203
101
139
7
18
59
128
197
30
224
238
203
158
56
252
229
125
216
173
23
182
221
199
8
249
132
13
130
211
38
71
147
133
249
235
184
78
41
243
241
52
159
236
145
177
241
81
55
228
84
239
235
182
6
163
111
126
126
115
13
148
197
55
47
74
160
216
206
87
134
72
69
176
241
78
49
250
83
97
195
155
207
43
113
164
185
123
177
108
41
244
165
211
237
228
58
170
177
11
173
195
55
198
66
67
58
38
163
250
138
63
95
168
169
240
164
60
122
107
170
170
90
87
167
217
84
80
188
185
227
5
39
86
75
236
166
143
39
57
157
148
40
253
126
203
114
249
3
142
86
239
3
219
251
48
85
7
210
166
72
246
133
198
179
166
1
198
75
234
164
254
131
253
167
159
222
195
219
102
241
151
19
155
207
158
71
200
163
31
151
74
171
111
237
105
185
109
154
187
201
206
1
95
203
114
193
72
173
174
201
175
54
55
167
150
157
158
220
38
18
191
193
234
215
247
53
157
155
102
175
173
138
58
136
93
24
151
125
171
230
125
112
108
228
217
57
74
65
34
37
179
239
248
217
48
117
4
198
93
166
127
203
135
128
250
73
210
107
237
209
27
159
74
244
220
99
236
127
186
149
238
166
41
250
85
20
19
97
181
191
233
81
107
192
195
123
248
66
235
2
91
155
130
188
200
233
55
114
70
137
222
249
166
147
133
222
203
253
67
102
154
211
203
231
226
187
55
141
202
135
168
45
60
52
152
158
103
133
123
175
126
61
117
51
232
97
218
99
233
166
224
80
141
130
242
102
60
142
117
31
42
203
44
43
117
135
197
128
232
245
150
50
243
50
90
55
44
35
172
211
241
117
211
39
109
149
28
25
217
133
55
19
115
137
15
115
239
124
121
124
203
127
245
186
161
68
251
161
140
15
94
47
209
138
125
183
28
224
219
180
110
149
228
29
182
48
207
187
95
172
32
83
82
198
107
94
177
137
235
167
155
65
29
183
187
186
194
106
75
238
231
188
48
45
227
245
90
246
144
191
242
242
116
133
199
158
141
236
161
30
184
204
41
225
169
137
229
153
129
174
140
7
156
116
7
171
35
130
239
6
35
250
27
86
173
86
149
206
60
38
6
14
76
142
94
62
185
96
154
240
136
74
243
120
177
23
95
222
20
61
66
213
206
217
131
87
234
255
37
126
48
251
188
124
105
29
247
120
4
58
127
156
254
181
129
247
215
217
187
29
222
51
159
63
138
84
156
95
122
41
49
58
114
123
245
235
175
39
132
8
21
43
19
47
198
197
197
219
50
63
233
162
111
88
24
88
203
55
222
167
220
39
201
160
182
152
173
220
190
29
43
59
164
46
36
181
123
201
51
221
214
27
55
182
104
55
80
172
115
49
92
23
151
62
119
79
228
171
182
125
254
228
222
155
114
94
54
71
218
189
34
52
209
103
71
115
200
251
247
173
4
112
71
178
92
191
169
158
181
164
156
105
48
54
82
95
226
23
229
79
173
63
95
111
184
106
255
73
122
251
167
79
43
33
198
105
199
62
148
173
60
204
40
109
48
205
255
91
174
175
219
4
253
237
103
91
31
199
115
240
167
193
57
131
95
75
46
31
78
52
123
107
116
56
97
168
224
105
117
246
254
171
8
81
65
216
236
213
45
54
163
129
57
240
148
65
82
66
190
192
10
105
200
225
245
148
116
97
100
169
192
240
151
131
217
152
229
78
231
148
172
108
145
249
13
134
150
187
18
82
118
150
10
167
101
109
73
196
234
9
228
182
199
86
101
239
145
226
113
13
115
138
109
235
238
10
65
194
85
125
245
95
69
169
83
13
17
167
35
171
122
180
164
54
40
223
66
96
156
105
33
56
158
182
104
197
135
156
43
39
4
216
181
133
88
145
163
80
206
165
24
40
7
179
226
196
211
22
191
18
203
227
154
231
200
23
103
62
1
85
40
122
255
26
209
38
107
201
253
148
115
48
186
50
221
199
138
167
82
176
34
107
210
217
138
195
76
23
193
89
34
223
115
195
96
7
231
217
80
182
0
100
230
248
231
12
9
167
161
11
97
143
105
169
37
28
33
92
94
152
40
205
119
201
37
63
183
153
60
121
137
146
204
75
123
180
121
63
246
28
28
62
44
233
123
201
74
210
47
61
20
147
24
169
176
2
191
26
125
241
82
29
111
186
128
32
127
202
116
116
231
165
155
188
121
42
245
145
185
177
90
114
214
124
34
114
246
41
146
87
203
79
68
53
107
21
149
92
213
71
202
21
54
189
146
199
44
157
81
136
115
168
211
138
183
255
233
0
182
4
158
45
157
193
237
106
88
243
188
176
139
165
44
85
231
232
193
38
138
197
86
153
221
237
162
236
143
89
250
122
224
95
204
185
89
141
116
12
249
203
181
110
219
74
56
246
164
14
57
71
246
167
170
104
132
112
111
48
138
156
47
245
149
37
8
25
102
200
41
16
239
176
216
238
140
92
236
8
116
34
236
54
71
141
46
117
111
245
80
169
66
238
237
102
81
196
233
132
167
95
237
125
224
120
113
111
127
182
37
33
18
157
22
59
223
40
120
37
91
199
212
179
106
181
140
5
217
251
2
135
81
236
70
237
44
121
172
40
121
241
128
138
83
123
236
10
231
179
123
179
236
9
103
236
6
88
170
3
86
3
51
183
221
164
156
244
55
73
21
254
101
218
40
220
185
5
45
213
38
16
131
137
149
229
137
227
195
9
243
75
21
33
225
24
99
103
195
216
172
246
100
62
100
188
164
148
179
0
26
211
38
27
19
23
139
227
225
231
43
18
94
212
191
132
24
113
30
110
175
79
14
146
84
100
115
16
224
238
16
138
145
236
125
229
107
121
121
92
91
103
251
222
242
71
185
189
177
3
7
49
167
143
216
7
148
91
54
198
200
90
232
140
223
215
79
146
107
253
32
183
45
136
144
224
150
61
55
52
49
48
109
63
87
190
129
30
19
105
25
197
202
93
136
223
122
166
53
166
231
82
116
168
253
238
224
240
56
169
71
113
5
238
51
110
187
223
111
15
14
140
171
118
86
179
241
112
81
144
239
201
204
87
181
169
89
41
176
201
91
157
218
229
103
249
68
255
52
194
41
115
187
188
111
177
73
22
210
56
49
48
217
178
92
222
74
69
52
49
219
123
144
248
224
84
129
168
218
211
234
134
32
227
187
126
55
14
180
207
184
246
250
117
171
215
126
40
122
38
118
40
240
98
208
36
215
103
141
39
55
143
133
204
221
121
163
165
24
212
28
195
189
63
226
238
177
212
157
227
71
50
52
246
223
215
136
122
152
251
12
117
163
105
143
59
45
122
64
84
76
247
88
91
192
96
91
108
176
82
159
184
138
50
61
69
10
167
177
56
124
45
87
99
75
90
78
194
2
162
119
230
232
93
191
198
161
165
217
196
140
224
82
153
32
241
133
231
179
207
249
56
82
23
162
216
247
109
115
92
36
240
189
56
85
191
96
215
88
201
229
246
134
95
250
153
227
234
177
161
240
150
33
141
234
143
207
185
173
69
29
151
102
134
174
197
85
206
139
118
45
215
20
78
38
9
26
106
63
105
102
157
122
253
201
250
195
96
119
87
63
105
226
44
1
21
76
95
96
105
62
41
114
196
238
222
202
147
141
226
121
232
112
194
70
177
58
214
202
225
164
230
19
236
31
95
29
229
21
215
28
61
213
86
153
155
144
229
247
170
229
254
157
59
190
71
53
165
141
137
151
162
55
222
109
49
24
111
141
153
38
108
158
13
203
210
8
140
13
240
236
109
75
162
189
95
44
94
201
90
12
110
47
91
61
98
83
53
123
57
179
199
179
189
237
146
98
133
237
181
228
44
175
59
219
246
250
92
174
35
239
111
118
237
92
36
236
255
16
124
97
32
9
229
189
201
166
216
52
37
216
171
191
35
105
206
75
136
170
122
189
51
132
104
152
33
63
211
74
191
1
34
188
31
20
7
204
189
25
27
18
153
141
228
201
94
10
250
240
112
40
152
214
119
57
164
90
53
104
170
175
162
141
72
125
89
173
42
118
164
53
40
188
202
69
75
251
111
142
53
100
135
21
108
224
226
88
215
187
6
186
148
89
240
108
202
120
229
69
148
245
207
217
97
244
173
244
150
152
196
112
248
174
157
244
182
248
179
225
46
119
91
199
251
132
39
139
92
77
196
171
107
138
147
108
108
250
138
73
164
9
234
188
229
156
238
233
134
229
18
11
34
189
167
168
54
220
123
208
65
187
150
116
197
64
111
230
149
119
82
190
221
147
187
87
124
166
122
107
45
231
131
191
120
173
250
142
186
107
11
10
129
22
19
59
247
162
112
229
77
131
218
49
215
239
39
217
219
15
75
147
27
232
157
185
77
244
119
61
153
17
243
98
157
105
59
102
53
142
117
213
143
141
91
132
141
113
133
195
223
232
237
29
248
88
86
135
12
26
57
215
33
4
91
80
118
242
154
67
189
175
170
91
182
154
232
183
145
48
122
191
26
92
151
92
223
240
101
36
97
174
101
170
98
253
125
33
8
44
20
182
148
239
203
14
202
181
60
63
69
191
181
92
182
188
154
103
176
244
188
5
28
255
238
159
5
64
231
199
119
140
191
98
17
6
142
175
223
134
48
174
55
100
160
181
126
107
114
124
253
190
227
248
31
51
255
14
80
75
1
2
20
0
20
0
0
0
8
0
193
185
44
80
236
222
67
28
121
11
0
0
132
42
0
0
7
0
0
0
0
0
0
0
0
0
32
0
0
0
0
0
0
0
100
111
99
46
99
104
109
80
75
5
6
0
0
0
0
1
0
1
0
53
0
0
0
158
11
0
0
0
0
